18
5

10001,10001,10001,10001,10001,10001,10001,10001,10001,10001,10001,
10001,10001,10001,10001,10001,10001,10001,10001,10001,10001,10001,
10001,10001,11301,11301,11301,11301,11301,11301,10001,10001,10001,
10001,10001,10001,10001,10001,11301,10001,11301,10001,10001,10001,
10001,10001,10001,10001,10001,10001,10001,11301,10001,10001,10001,
10001,10001,10001,10001,10001,10001,11301,11301,11301,10001,10001,
10001,10001,11301,10001,10001,10001,11301,11301,11301,10001,10001,
10001,10001,11301,11301,10001,10001,11301,11301,11301,10001,10001,
10001,10001,11301,11301,11301,10001,10001,11301,10001,10001,10001,
10001,10001,10001,10001,10001,10001,10001,10001,10001,10001,10001,
10001,10001,10001,10001,10001,10001,10001,10001,10001,10001,10001,

10001,10001,10001,10001,10001,10001,10001,10001,10001,10001,10001,
10001,10001,10001,10001,10001,10001,10001,10001,10001,10001,10001,
10001,10001,10101,10001,10001,10001,12208,12101,10001,10001,10001,
10001,10001,10001,10001,10001,15701,10001,11401,10001,10001,10001,
10001,10001,10001,10001,10001,10001,10001,11401,10001,10001,10001,
10001,10001,10001,10001,10001,10001,11401,11401,11401,10001,10001,
10001,10001,10001,10001,10001,10001,11401,11401,11401,10001,10001,
10001,10001,11401,10001,10001,10001,11401,11401,11401,10001,10001,
10001,10001,11401,11401,10001,10001,10001,11401,10001,10001,10001,
10001,10001,10001,10001,10001,10001,10001,10001,10001,10001,10001,
10001,10001,10001,10001,10001,10001,10001,10001,10001,10001,10001,

10001,10001,10001,10001,10001,10001,10001,10001,10001,10001,10001,
10001,10001,10001,10001,10001,10001,10001,10001,10001,10001,10001,
10001,10001,10001,10001,10001,10001,10001,10001,10001,10001,10001,
10001,10001,10001,10001,10001,10001,10001,45401,10001,10001,10001,
10001,10001,10001,10001,10001,10001,10001,10001,10001,10001,10001,
10001,10001,10001,10001,10001,10001,10001,10001,10001,10001,10001,
10001,10001,10001,10001,10001,10001,26101,16201,26101,10001,10001,
10001,10001,10001,10001,10001,10001,10001,10001,10001,10001,10001,
10001,10001,11401,10001,10001,10001,10001,10201,10001,10001,10001,
10001,10001,10001,10001,10001,10001,10001,10001,10001,10001,10001,
10001,10001,10001,10001,10001,10001,10001,10001,10001,10001,10001,

10001,10001,10001,10001,10001,10001,10001,10001,10001,10001,10001,
10001,10001,10001,10001,10001,10001,10001,10001,10001,10001,10001,
10001,10001,10001,10001,10001,10001,10001,10001,10001,10001,10001,
10001,10001,10001,10001,10001,10001,10001,10001,10001,10001,10001,
10001,10001,10001,10001,10001,10001,10001,10001,10001,10001,10001,
10001,10001,10001,10001,10001,10001,10001,10001,10001,10001,10001,
10001,10001,10001,10001,10001,10001,10001,10001,10001,10001,10001,
10001,10001,10001,10001,10001,10001,10001,10001,10001,10001,10001,
10001,10001,10001,10001,10001,10001,10001,10001,10001,10001,10001,
10001,10001,10001,10001,10001,10001,10001,10001,10001,10001,10001,
10001,10001,10001,10001,10001,10001,10001,10001,10001,10001,10001,

10001,10001,10001,10001,10001,10001,10001,10001,10001,10001,10001,
10001,10001,10001,10001,10001,10001,10001,10001,10001,10001,10001,
10001,10001,10001,10001,10001,10001,10001,10001,10001,10001,10001,
10001,10001,10001,10001,10001,10001,10001,10001,10001,10001,10001,
10001,10001,10001,10001,10001,10001,10001,10001,10001,10001,10001,
10001,10001,10001,10001,10001,10001,10001,10001,10001,10001,10001,
10001,10001,10001,10001,10001,10001,10001,10001,10001,10001,10001,
10001,10001,10001,10001,10001,10001,10001,10001,10001,10001,10001,
10001,10001,10001,10001,10001,10001,10001,10001,10001,10001,10001,
10001,10001,10001,10001,10001,10001,10001,10001,10001,10001,10001,
10001,10001,10001,10001,10001,10001,10001,10001,10001,10001,10001,